0 0.575 0.3706521739130435 0.28695652173913044 0.31956521739130433
0 0.9163043478260869 0.6532608695652173 0.09565217391304348 0.058695652173913045
0 0.7923913043478261 0.6630434782608695 0.12608695652173912 0.06739130434782609
0 0.9510869565217391 0.7141304347826087 0.09565217391304348 0.06086956521739131
0 0.8184782608695652 0.7184782608695652 0.15217391304347827 0.09130434782608696
0 0.6815217391304348 0.7532608695652174 0.14565217391304347 0.40869565217391307
0 0.3869565217391304 0.782608695652174 0.1826086956521739 0.43478260869565216
0 0.8706521739130435 0.8032608695652174 0.16956521739130434 0.1108695652173913
1 0.5489130434782609 0.275 0.2565217391304348 0.5217391304347826
1 0.30978260869565216 0.27717391304347827 0.058695652173913045 0.19782608695652174
1 0.3858695652173913 0.2684782608695652 0.06521739130434782 0.18695652173913044
1 0.16956521739130434 0.29347826086956524 0.09130434782608696 0.15217391304347827
1 0.09347826086956522 0.266304347826087 0.058695652173913045 0.18478260869565216
1 0.22934782608695653 0.26521739130434785 0.05434782608695652 0.17391304347826086
1 0.8717391304347826 0.29456521739130437 0.05652173913043478 0.11739130434782609
1 0.7923913043478261 0.33152173913043476 0.04782608695652174 0.05652173913043478
1 0.85 0.2184782608695652 0.0891304347826087 0.1391304347826087