0 0.5695652173913044 0.5576086956521739 0.18478260869565216 0.3565217391304348
0 0.14021739130434782 0.6108695652173913 0.16304347826086957 0.3391304347826087
0 0.7391304347826086 0.6119565217391304 0.19130434782608696 0.45
0 0.36086956521739133 0.6130434782608696 0.20652173913043478 0.4
0 0.09565217391304348 0.29782608695652174 0.09130434782608696 0.1673913043478261
0 0.22065217391304348 0.3 0.11521739130434783 0.17608695652173914
0 0.3423913043478261 0.2826086956521739 0.09565217391304348 0.1391304347826087
0 0.48478260869565215 0.3108695652173913 0.12391304347826088 0.16956521739130434
0 0.6184782608695653 0.31630434782608696 0.09130434782608696 0.16521739130434782
0 0.7739130434782608 0.33043478260869563 0.0891304347826087 0.19130434782608696
0 0.12717391304347825 0.06086956521739131 0.05434782608695652 0.12173913043478261
0 0.3706521739130435 0.06304347826086956 0.0782608695652174 0.12608695652173912
0 0.6804347826086956 0.04456521739130435 0.10434782608695652 0.0891304347826087
0 0.9119565217391304 0.07717391304347826 0.1282608695652174 0.15434782608695652
0 0.9152173913043479 0.6282608695652174 0.16956521739130434 0.3065217391304348