0 0.16847826086956522 0.35 0.2673913043478261 0.19130434782608696
0 0.7956521739130434 0.36086956521739133 0.19130434782608696 0.15217391304347827
0 0.5065217391304347 0.3684782608695652 0.30434782608695654 0.22608695652173913
0 0.17282608695652174 0.5815217391304348 0.3 0.2217391304347826
0 0.5206521739130435 0.5945652173913043 0.3065217391304348 0.24565217391304348
0 0.7913043478260869 0.6076086956521739 0.24782608695652175 0.21521739130434783
0 0.33152173913043476 0.8456521739130435 0.32608695652173914 0.25
0 0.6967391304347826 0.8630434782608696 0.29782608695652174 0.26956521739130435
0 0.5097826086956522 0.13478260869565217 0.3065217391304348 0.2217391304347826
0 0.8097826086956522 0.1423913043478261 0.2717391304347826 0.18478260869565216
0 0.1956521739130435 0.14347826086956522 0.29782608695652174 0.2217391304347826