0 0.43043478260869567 0.4423913043478261 0.18478260869565216 0.3565217391304348
0 0.8597826086956522 0.38913043478260867 0.16304347826086957 0.3391304347826087
0 0.2608695652173913 0.38804347826086955 0.19130434782608696 0.44782608695652176
0 0.6391304347826087 0.3869565217391304 0.20652173913043478 0.4
0 0.9043478260869565 0.7021739130434783 0.09130434782608696 0.1673913043478261
0 0.7793478260869565 0.7 0.11304347826086956 0.17391304347826086
0 0.657608695652174 0.717391304347826 0.09565217391304348 0.1391304347826087
0 0.5152173913043478 0.6891304347826087 0.12173913043478261 0.16956521739130434
0 0.3815217391304348 0.683695652173913 0.09130434782608696 0.16521739130434782
0 0.22608695652173913 0.6695652173913044 0.0891304347826087 0.19130434782608696
0 0.8728260869565218 0.9391304347826087 0.05434782608695652 0.12173913043478261
0 0.6293478260869565 0.9369565217391305 0.0782608695652174 0.12608695652173912
0 0.31956521739130433 0.9554347826086956 0.10434782608695652 0.0891304347826087
0 0.08804347826086957 0.9228260869565217 0.1282608695652174 0.15434782608695652
0 0.08478260869565217 0.3717391304347826 0.16956521739130434 0.30434782608695654