0 0.575 0.6293478260869565 0.28695652173913044 0.31956521739130433
0 0.9163043478260869 0.3467391304347826 0.09565217391304348 0.058695652173913045
0 0.7923913043478261 0.33695652173913043 0.12608695652173912 0.06739130434782609
0 0.9510869565217391 0.2858695652173913 0.09565217391304348 0.06086956521739131
0 0.8184782608695652 0.28152173913043477 0.15217391304347827 0.09130434782608696
0 0.6815217391304348 0.2467391304347826 0.14565217391304347 0.40869565217391307
0 0.3869565217391304 0.21739130434782608 0.1826086956521739 0.43478260869565216
0 0.8706521739130435 0.1967391304347826 0.16956521739130434 0.1108695652173913
1 0.5489130434782609 0.725 0.2565217391304348 0.5217391304347826
1 0.30978260869565216 0.7228260869565217 0.058695652173913045 0.19782608695652174
1 0.3858695652173913 0.7315217391304348 0.06521739130434782 0.18695652173913044
1 0.16956521739130434 0.7065217391304348 0.09130434782608696 0.15217391304347827
1 0.09347826086956522 0.7336956521739131 0.058695652173913045 0.18478260869565216
1 0.22934782608695653 0.7347826086956522 0.05434782608695652 0.17391304347826086
1 0.8717391304347826 0.7054347826086956 0.05652173913043478 0.11739130434782609
1 0.7923913043478261 0.6684782608695652 0.04782608695652174 0.05652173913043478
1 0.85 0.7815217391304348 0.0891304347826087 0.1391304347826087