0 0.65 0.8315217391304348 0.19130434782608696 0.26521739130434785
0 0.6391304347826087 0.20434782608695654 0.15217391304347827 0.19130434782608696
0 0.6315217391304347 0.4934782608695652 0.22608695652173913 0.30434782608695654
0 0.41847826086956524 0.8271739130434783 0.2217391304347826 0.3
0 0.40543478260869564 0.47934782608695653 0.24565217391304348 0.3065217391304348
0 0.3923913043478261 0.20869565217391303 0.21304347826086956 0.24782608695652175
0 0.15434782608695652 0.6684782608695652 0.25 0.32608695652173914
0 0.13695652173913042 0.3032608695652174 0.26956521739130435 0.29782608695652174
0 0.8652173913043478 0.4902173913043478 0.2217391304347826 0.30434782608695654
0 0.8576086956521739 0.19021739130434784 0.1826086956521739 0.2717391304347826
0 0.8565217391304348 0.8043478260869565 0.2217391304347826 0.29782608695652174