0 0.16847826086956522 0.65 0.26521739130434785 0.19130434782608696
0 0.7956521739130434 0.6391304347826087 0.19130434782608696 0.15217391304347827
0 0.5065217391304347 0.6315217391304347 0.30434782608695654 0.22608695652173913
0 0.17282608695652174 0.41847826086956524 0.3 0.2217391304347826
0 0.5206521739130435 0.40543478260869564 0.3065217391304348 0.24565217391304348
0 0.7913043478260869 0.3923913043478261 0.24782608695652175 0.21304347826086956
0 0.33152173913043476 0.15434782608695652 0.32608695652173914 0.25
0 0.6967391304347826 0.13695652173913042 0.29782608695652174 0.26956521739130435
0 0.5097826086956522 0.8652173913043478 0.30434782608695654 0.2217391304347826
0 0.8097826086956522 0.8576086956521739 0.2717391304347826 0.1826086956521739
0 0.1956521739130435 0.8565217391304348 0.29782608695652174 0.2217391304347826